variable LAYING SITTING STANDING WALKING WALKING_DOWNSTAIRS WALKING_UPSTAIRS
tBodyAcc-mean()-X 0.273636473638014 0.275383991049522 0.2718386039617 0.277404827952091 0.273569596795164 0.274443934305699
tBodyAcc-mean()-Y -0.0180112587744779 -0.0169773446010861 -0.0177184472291831 -0.018057210408806 -0.0181114639563424 -0.0176340667369014
tBodyAcc-mean()-Z -0.110396821159202 -0.107791257089707 -0.109241073096182 -0.108959141150232 -0.108614794633855 -0.108231153069883
tBodyAcc-std()-X -0.629791813045134 -0.624433202713692 -0.557763658524632 -0.611757401723635 -0.588869918835775 -0.635451801151166
tBodyAcc-std()-Y -0.52835806455948 -0.536415093220872 -0.420240864955147 -0.566082297451458 -0.519817104451202 -0.497077496845175
tBodyAcc-std()-Z -0.61645978679501 -0.604111323914446 -0.573972328955262 -0.627743934544379 -0.619171886465654 -0.645416829109586
tGravityAcc-mean()-X 0.603222169550412 0.700623413312324 0.696832804247639 0.658552995511034 0.684950816637269 0.679699954533679
tGravityAcc-mean()-Y 0.0333451240574074 -0.00618993760838492 -0.00163435026729801 0.0179509586900941 -0.0370311973015358 0.00779889236068653
tGravityAcc-mean()-Z 0.158974347861147 0.0215311072067136 0.062575028281244 0.130069500696616 0.111386049013547 0.0659963268084845
tGravityAcc-std()-X -0.958844100756173 -0.966552197248171 -0.960293518620672 -0.973512999076655 -0.962940854423898 -0.970536411392487
tGravityAcc-std()-Y -0.949099579664146 -0.956959155884074 -0.948468948227702 -0.961216048828688 -0.952373440165718 -0.959746991806995
tGravityAcc-std()-Z -0.929974456049383 -0.944011801194147 -0.929916878338405 -0.945403067288037 -0.937025478895448 -0.949804595534974
tBodyAccJerk-mean()-X 0.0800932757184156 0.0786338560254249 0.0797396674740661 0.0779153514194193 0.08010266215766 0.0769246401212403
tBodyAccJerk-mean()-Y 0.0111218409354335 0.00706792335008891 0.00737736483487513 0.00859890086855343 0.0066325199427027 0.00614190853229598
tBodyAccJerk-mean()-Z -0.00651602185163837 -0.00213094584065729 -0.00679203543068337 -0.00276246399332637 -0.00575161488179232 -0.00382223241314301
tBodyAccJerk-std()-X -0.65762325382482 -0.682639298681407 -0.576424959428935 -0.662149093616974 -0.589328029854132 -0.667197649931088
tBodyAccJerk-std()-Y -0.632202383690583 -0.656234569227119 -0.512386516608547 -0.648401058218775 -0.588946020164673 -0.612147545945589
tBodyAccJerk-std()-Z -0.743369174256363 -0.790457761638199 -0.730249849935404 -0.782434598013937 -0.769798778401849 -0.767478539514896
tBodyGyro-mean()-X -0.0200731019480506 -0.0214000577573742 -0.0282416520943284 -0.0396722236825639 -0.0442959940720128 -0.0373149590786192
tBodyGyro-mean()-Y -0.0819319299993467 -0.0765129474314001 -0.0776522380428174 -0.0676531704881179 -0.0730477273696536 -0.0693573657463601
tBodyGyro-mean()-Z 0.0873944133692284 0.0779415088840318 0.0868611369328437 0.0942085337587805 0.0962783612650711 0.0896653350347409
tBodyGyro-std()-X -0.716500554996656 -0.756287421424142 -0.682869630428332 -0.731858410394019 -0.701279496133713 -0.740255226985557
tBodyGyro-std()-Y -0.693165360954583 -0.695339982992825 -0.627841612247508 -0.690862954303659 -0.709078987667283 -0.689260802573633
tBodyGyro-std()-Z -0.673874039262665 -0.671164449778559 -0.617708642706506 -0.656922890258362 -0.642807181710626 -0.658725151079922
tBodyGyroJerk-mean()-X -0.100964217814491 -0.100323706848445 -0.0967473754128468 -0.0932929670937787 -0.0948833204088478 -0.0926180221682837
tBodyGyroJerk-mean()-Y -0.0400278153928673 -0.0432671577690146 -0.0429614952308867 -0.0438293311236585 -0.041399632547973 -0.0424661788351036
tBodyGyroJerk-mean()-Z -0.0572779361413158 -0.0510408282161958 -0.0535174385767314 -0.0551548594472184 -0.0566037005274253 -0.0557540182136075
tBodyGyroJerk-std()-X -0.725832436884979 -0.799044206550366 -0.651448432947377 -0.750684075452265 -0.724862385640114 -0.743357205339961
tBodyGyroJerk-std()-Y -0.772736543869907 -0.831386130220596 -0.715273629643284 -0.823812162555168 -0.813173494617354 -0.771272556255181
tBodyGyroJerk-std()-Z -0.764653123822207 -0.78626687132628 -0.658204352711354 -0.764282930929152 -0.724662866398649 -0.743117319851814
tBodyAccMag-mean() -0.55739582207233 -0.562227559296787 -0.488330822909606 -0.572105772881237 -0.541809359916718 -0.573685475099078
tBodyAccMag-std() -0.618089225383215 -0.607268544554946 -0.52661741812095 -0.606553884076132 -0.575960870154791 -0.615497678567293
tGravityAccMag-mean() -0.55739582207233 -0.562227559296787 -0.488330822909606 -0.572105772881237 -0.541809359916718 -0.573685475099078
tGravityAccMag-std() -0.618089225383215 -0.607268544554946 -0.52661741812095 -0.606553884076132 -0.575960870154791 -0.615497678567293
tBodyAccJerkMag-mean() -0.656136366675 -0.688228367106398 -0.583454821079543 -0.679569867943612 -0.624898000872332 -0.666420840533808
tBodyAccJerkMag-std() -0.646657462493061 -0.677612014564879 -0.5549128070517 -0.657049186600174 -0.587342170866927 -0.640677668309909
tBodyGyroMag-mean() -0.613862912975885 -0.630350639986348 -0.556040912363064 -0.615107518366452 -0.599059270077404 -0.620897649433679
tBodyGyroMag-std() -0.660294013726595 -0.692501068064378 -0.599144568127387 -0.676499591866725 -0.675412224777041 -0.68180739771614
tBodyGyroJerkMag-mean() -0.754386000685339 -0.81036273289426 -0.690428314941238 -0.792935966530778 -0.774170414345661 -0.75961048488342
tBodyGyroJerkMag-std() -0.767628800816533 -0.834100535774339 -0.701596292274271 -0.815723619051161 -0.791810965671408 -0.766113874975971
fBodyAcc-mean()-X -0.647505293302166 -0.651975434634851 -0.565060793934785 -0.628316966499262 -0.591061488978734 -0.651885712594495
fBodyAcc-mean()-Y -0.557541087849547 -0.575102956346595 -0.447691845417072 -0.582418263473171 -0.532384500258329 -0.534370442426736
fBodyAcc-mean()-Z -0.656120620289429 -0.676957648625053 -0.628707765421789 -0.68400313062079 -0.668725183181743 -0.682856123231218
fBodyAcc-std()-X -0.62441506260643 -0.615100961088987 -0.556595208500163 -0.606449151207677 -0.589427204265327 -0.630283968723083
fBodyAcc-std()-Y -0.544383446826307 -0.547079464607794 -0.443951557475236 -0.586426517686011 -0.545390530470932 -0.510970745817163
fBodyAcc-std()-Z -0.627393309556518 -0.598832845262009 -0.5808263398733 -0.62977437822482 -0.624213330660583 -0.654497225843102
fBodyAccJerk-mean()-X -0.672538181005072 -0.702086602766235 -0.595959266564276 -0.671955721042799 -0.608590851362511 -0.686389651290887
fBodyAccJerk-mean()-Y -0.648242559052521 -0.6736015320852 -0.547630730262246 -0.663957224235947 -0.605676109488435 -0.635879930925712
fBodyAccJerk-mean()-Z -0.725059280055144 -0.771209204929938 -0.710718025963893 -0.761961026308943 -0.747505485008037 -0.751780552464508
fBodyAccJerk-std()-X -0.67335318375198 -0.69119707146794 -0.594507205980891 -0.682841113656504 -0.607092679348649 -0.67734838572585
fBodyAccJerk-std()-Y -0.640479052077095 -0.660992210236258 -0.507443917512491 -0.655960578853659 -0.599592449976814 -0.612722210404288
fBodyAccJerk-std()-Z -0.760730117641579 -0.808592785320822 -0.748480580520881 -0.801967145650406 -0.791116928691323 -0.781833769728627
fBodyGyro-mean()-X -0.664066688101543 -0.731200360037029 -0.613805731745383 -0.689034909851161 -0.647493479269282 -0.689639192454922
fBodyGyro-mean()-Y -0.704806001364866 -0.740647884660017 -0.638028071875708 -0.730107619465453 -0.731792997633001 -0.702605720896548
fBodyGyro-mean()-Z -0.6662356968532 -0.682305324834102 -0.576810748780692 -0.662434892931649 -0.628390149699147 -0.649800311900259
fBodyGyro-std()-X -0.734785775753066 -0.766217037192684 -0.706665554176705 -0.747614062438542 -0.720073421098862 -0.757822279887953
fBodyGyro-std()-Y -0.690957680562294 -0.674968902647085 -0.627192476880168 -0.674468708652787 -0.700699462598862 -0.685993721684845
fBodyGyro-std()-Z -0.707657400265638 -0.699154737930332 -0.669230210171773 -0.688082146729733 -0.682779483207681 -0.694562452321567
fBodyAccMag-mean() -0.607019480852557 -0.61456052358776 -0.515516764763295 -0.609333085862485 -0.561110871332361 -0.610065722208238
fBodyAccMag-std() -0.686459015614609 -0.665211464239055 -0.608916841276967 -0.667017086617393 -0.652430082644595 -0.67968865492215
fBodyBodyAccJerkMag-mean() -0.637790385747654 -0.672052358615701 -0.542704638600011 -0.650332521295453 -0.581443728660313 -0.639660797802293
fBodyBodyAccJerkMag-std() -0.661751653313014 -0.687466723770568 -0.575188772201207 -0.668312946073972 -0.598576808566124 -0.644646196634728
fBodyBodyGyroMag-mean() -0.690712892496914 -0.737927536501013 -0.62428494935586 -0.726741495133931 -0.710380972083215 -0.704962368478251
fBodyBodyGyroMag-std() -0.701604390532562 -0.717233857667372 -0.654629750636988 -0.701368326091829 -0.709949121946657 -0.723409410696891
fBodyBodyGyroJerkMag-mean() -0.770261077345885 -0.832384835538751 -0.704963064377844 -0.817458975513937 -0.793129932848506 -0.769317891120674
fBodyBodyGyroJerkMag-std() -0.78202556030463 -0.84884306746314 -0.719432524651905 -0.826719451453542 -0.805419596603841 -0.779045275254728
